3167469725
7110966323
4718155832
3092408417
2194130966
7229886787
7023356382
6140006302
7268526090
4961626925
5595041385
3427056266
350961556
6403886980
7311825913
46435964
3423507022
5319590069
2180737047
7351573541
337596803
6707970453
5419269501
6674275632
5972574959
4103104716
5059490959
5951527528
4857127087
6570327001
4791883176
3267939809
1911467626
653328856
3517188971
10418629288
2929080699
10425830761
7739465629
9778337775
10193448133
9612444066
8620720791
10334148684
7328010245
8105090792
9650640440
1476815401
8760177046
8641322661
8893047799
10631388635
8644943233
10731779801
9611834430
10101740884
10827270087
10115287443
8674301069
10802559633
10560333548
10695317881
4323816152
10490479942
10237234368
5402935045
10815158345
9054062163
8999863469
5974084161
8489377748
7429645689
11110538135
6173255976
7428583373
4532785187
11122489809
10458488410
6231628513
11119136046
10471648180
11113473744
9369819471
8458343825
10479951975
885525071
11091248337
7285142642
11045917358
9734021548
11084259684
10476428414
10253593019
8883468621
10253245975
8118229504
11045591446
7191995086
8573333558
9009636185
8310218011
2062564292
2137021728
10987392701
9503951177
2119818473
7274597632
4161058891
9444424965
10222186198
4094220759
7734994589
6379675586
7286152775
9745464999
10151577358
11212225816
2093409910
11845484160
11147512237
8236570770
9641682906
7032381981
10907113909
11939795817
1939040193
10488463655
11126636738
11331012848
6384571535
11195420316
11855025907
11871813871
10960569617
11393601314
5534596960
2230111809
11860991943
12031577241
10943450531
